Name: GrandPiano
Author: YAMAHA
0b,01,0f,07,00,06,0f,27,00,01,08,07,0e,03,02,03,02,28,00,05,00,00,0d,01,01,04,03,22,01,01,00,06,0d,02,02,06,04,00,01,01,00

Name: E.Piano
Author: YAMAHA
0d,54,0f,04,05,0c,0b,23,44,07,12,02,0f,02,01,08,0f,04,45,01,00,25,0f,00,01,0b,01,12,44,01,00,04,0f,02,01,07,0f,04,41,01,00

Name: TenorSax
Author: YAMAHA
0d,36,07,03,00,00,00,05,44,01,01,00,07,02,00,09,00,0f,43,01,08,36,07,03,00,00,00,08,44,01,09,02,07,02,00,09,00,0d,43,01,00

Name: PickBass
Author: YAMAHA
0b,56,0f,07,02,03,01,13,44,01,00,04,0c,0b,04,06,07,15,44,07,00,06,0f,09,02,06,02,17,44,02,00,04,0b,02,06,08,06,00,44,01,00

Name: TnklBell
Author: YAMAHA
0d,31,0f,06,03,04,05,10,44,0e,00,02,0c,06,07,06,0e,0b,44,02,00,00,0c,06,02,02,05,1e,44,77,01,00,0f,05,04,05,0d,01,54,06,00

Name: NewAgePd
Author: YAMAHA
0d,54,0f,0f,03,03,00,26,44,07,01,02,0f,07,04,04,00,0b,44,05,00,62,06,01,00,01,00,18,03,71,01,02,08,01,00,05,01,00,03,01,00

Name: Rim Shot
Author: YAMAHA
0d,7c,0f,00,05,05,00,05,44,0c,02,0c,0f,07,07,07,07,00,44,0b,00,08,0f,0a,06,06,08,00,44,0c,00,08,0f,07,07,07,07,00,44,07,02

Name: Castanet
Author: YAMAHA
0d,68,0f,07,05,09,0f,02,44,07,01,0c,0a,08,05,0f,0f,00,44,05,06,08,0f,05,06,05,00,27,44,02,05,08,0c,0a,09,09,0a,14,44,05,00


